function K = LQR_VMC(L0)
%LQR_VMC
%    K = LQR_VMC(L0)

%    This function was generated by the Symbolic Math Toolbox version 23.2.
%    2024-10-19 14:12:09

t2 = L0.^2;
t3 = L0.^3;
mt1 = [L0.*(-6.872907789849556)-t2.*5.457675683577643e+1+t3.*1.07470179358943e+2+5.211453561253768e-2];
mt2 = [L0.*1.260373073896962e-1-t2.*1.132210579785324e-1-t3.*4.331186059743329e-1-9.475974873984104e-3];
mt3 = [L0.*(-6.009942840104039e-1)-t2.*9.955692208413426+t3.*1.019955936230484e+1+8.287764298351581e-3];
mt4 = [L0.*8.002846379406941e-3+t2.*1.572364641406202e-2-t3.*6.12726836385005e-2-1.134812349346603e-4];
mt5 = [L0.*(-6.301527033797091)-t2.*1.602932555332529e+1+t3.*6.312608357186829e+1+1.078993120564548e-1];
mt6 = [L0.*(-1.608783715796465e-2)+t2.*1.20650635944007e-1-t3.*4.6899976570798e-1+1.404882247889814e-2];
mt7 = [L0.*(-4.639497556264091)-t2.*1.378501869762848e+1+t3.*4.448239965849086e+1+6.241955000397031e-2];
mt8 = [L0.*7.683366934811905e-2-t2.*3.747259917525384e-1+t3.*6.664604960357624e-1+1.275440756803199e-3];
mt9 = [L0.*(-5.485012729645774e+1)+t2.*2.976195973774587e+2-t3.*6.407985274724608e+2+5.146951510395613];
mt10 = [L0.*2.18443036940288-t2.*1.41089196006863e+1+t3.*3.304487642613253e+1+6.577966052633684];
mt11 = [L0.*(-1.001067383026611)+t2.*5.569697093638654-t3.*1.219199632787987e+1+9.924669062971207e-2];
mt12 = [L0.*1.317909849029785e-2-t2.*8.358877668575025e-2+t3.*1.947937364735242e-1+1.276913842953308e-1];
K = reshape([mt1,mt2,mt3,mt4,mt5,mt6,mt7,mt8,mt9,mt10,mt11,mt12],2,6);
end
